123456
23456
23456
2345
12345
12345
23456
12345
234
2345
235
23456
23456
23456
23456
34567
1234
98765
34567
123456
123456
23456
23456
2345
12345
12345
23456
12345
234
2345
235
23456
23456
23456
23456
34567
1234
98765
34567
123456
123456
23456
23456
2345
12345
12345
23456
12345
234
2345
235
23456
23456
23456
23456
34567
1234
98765
34567
123456
123456
23456
23456
2345
12345
12345
23456
12345
234
2345
235
23456
23456
23456
23456
34567
1234
98765
34567
123456
123456
23456
23456
2345
12345
12345
23456
12345
234
2345
235
23456
23456
23456
23456
34567
1234
98765
34567
123456
123456
23456
23456
2345
12345
12345
23456
12345
234
2345
235
23456
23456
23456
23456
34567
1234
98765
34567
123456
123456
23456
23456
2345
12345
12345
23456
12345
234
2345
235
23456
23456
23456
23456
34567
1234
98765
34567
123456
123456
23456
23456
2345
12345
12345
23456
12345
234
2345
235
23456
23456
23456
23456
34567
1234
98765
34567
123456
123456
23456
23456
2345
12345
12345
23456
12345
234
2345
235
23456
23456
23456
23456
34567
1234
98765
34567
123456
123456
23456
23456
2345
12345
12345
23456
12345
234
2345
235
23456
23456
23456
23456
34567
1234
98765
34567
123456
123456
23456
23456
2345
12345
12345
23456
12345
234
2345
235
23456
23456
23456
23456
34567
1234
98765
34567
123456
123456
23456
23456
2345
12345
12345
23456
12345
234
2345
235
23456
23456
23456
23456
34567
1234
98765
34567
123456
123456
23456
23456
2345
12345
12345
23456
12345
234
2345
235
23456
23456
23456
23456
34567
1234
98765
34567
123456
123456
23456
23456
2345
12345
12345
23456
12345
234
2345
235
23456
23456
23456
23456
34567
1234
98765
34567
123456
123456
23456
23456
2345
12345
12345
23456
12345
234
2345
235
23456
23456
23456
23456
34567
1234
98765
34567
123456
1234567
1234
123456
45678
123456
2345
23456
4567
12345
2345
12345
2345
567
5678
987
8765
765
876
8976
876
12345
12345
2345
2345
23456
9876
876
87654
876587
654
345
2345
23456
567
3456
3456
3456
23456
2345
2345
3456
987
4567
2345
8765
234567
2345
3456
987
23456
987
3456
1234
3456
987
23456
3456
2345
87654
23456
23
345345
23456
2345
23456